Time 0
Waiting clients: (22,5,5); (37,5,6); (11,6,4); (40,6,5); (26,8,4); (1,9,7); (2,9,6); (25,9,7); (27,9,5); (36,9,4); (14,10,6); (30,11,7); (19,12,7); (29,12,5); (31,13,5); (10,14,5); (23,15,7); (7,16,5); (32,16,7); (20,17,5); (33,17,6); (6,18,5); (18,18,5); (34,18,7); (3,19,6); (15,20,5); (4,21,6); (12,21,7); (13,24,7); (39,24,5); (5,25,4); (8,25,5); (9,25,4); (28,25,7); (38,25,4); (17,26,7); (21,26,6); (35,27,6); (16,30,6); (24,31,6); 
Queue 1: closed
Queue 2: closed
Queue 3: closed
Queue 4: closed

Time 1
Waiting clients: (22,5,5); (37,5,6); (11,6,4); (40,6,5); (26,8,4); (1,9,7); (2,9,6); (25,9,7); (27,9,5); (36,9,4); (14,10,6); (30,11,7); (19,12,7); (29,12,5); (31,13,5); (10,14,5); (23,15,7); (7,16,5); (32,16,7); (20,17,5); (33,17,6); (6,18,5); (18,18,5); (34,18,7); (3,19,6); (15,20,5); (4,21,6); (12,21,7); (13,24,7); (39,24,5); (5,25,4); (8,25,5); (9,25,4); (28,25,7); (38,25,4); (17,26,7); (21,26,6); (35,27,6); (16,30,6); (24,31,6); 
Queue 1: closed
Queue 2: closed
Queue 3: closed
Queue 4: closed

Time 2
Waiting clients: (22,5,5); (37,5,6); (11,6,4); (40,6,5); (26,8,4); (1,9,7); (2,9,6); (25,9,7); (27,9,5); (36,9,4); (14,10,6); (30,11,7); (19,12,7); (29,12,5); (31,13,5); (10,14,5); (23,15,7); (7,16,5); (32,16,7); (20,17,5); (33,17,6); (6,18,5); (18,18,5); (34,18,7); (3,19,6); (15,20,5); (4,21,6); (12,21,7); (13,24,7); (39,24,5); (5,25,4); (8,25,5); (9,25,4); (28,25,7); (38,25,4); (17,26,7); (21,26,6); (35,27,6); (16,30,6); (24,31,6); 
Queue 1: closed
Queue 2: closed
Queue 3: closed
Queue 4: closed

Time 3
Waiting clients: (22,5,5); (37,5,6); (11,6,4); (40,6,5); (26,8,4); (1,9,7); (2,9,6); (25,9,7); (27,9,5); (36,9,4); (14,10,6); (30,11,7); (19,12,7); (29,12,5); (31,13,5); (10,14,5); (23,15,7); (7,16,5); (32,16,7); (20,17,5); (33,17,6); (6,18,5); (18,18,5); (34,18,7); (3,19,6); (15,20,5); (4,21,6); (12,21,7); (13,24,7); (39,24,5); (5,25,4); (8,25,5); (9,25,4); (28,25,7); (38,25,4); (17,26,7); (21,26,6); (35,27,6); (16,30,6); (24,31,6); 
Queue 1: closed
Queue 2: closed
Queue 3: closed
Queue 4: closed

Time 4
Waiting clients: (22,5,5); (37,5,6); (11,6,4); (40,6,5); (26,8,4); (1,9,7); (2,9,6); (25,9,7); (27,9,5); (36,9,4); (14,10,6); (30,11,7); (19,12,7); (29,12,5); (31,13,5); (10,14,5); (23,15,7); (7,16,5); (32,16,7); (20,17,5); (33,17,6); (6,18,5); (18,18,5); (34,18,7); (3,19,6); (15,20,5); (4,21,6); (12,21,7); (13,24,7); (39,24,5); (5,25,4); (8,25,5); (9,25,4); (28,25,7); (38,25,4); (17,26,7); (21,26,6); (35,27,6); (16,30,6); (24,31,6); 
Queue 1: closed
Queue 2: closed
Queue 3: closed
Queue 4: closed

Time 5
Waiting clients: (11,6,4); (40,6,5); (26,8,4); (1,9,7); (2,9,6); (25,9,7); (27,9,5); (36,9,4); (14,10,6); (30,11,7); (19,12,7); (29,12,5); (31,13,5); (10,14,5); (23,15,7); (7,16,5); (32,16,7); (20,17,5); (33,17,6); (6,18,5); (18,18,5); (34,18,7); (3,19,6); (15,20,5); (4,21,6); (12,21,7); (13,24,7); (39,24,5); (5,25,4); (8,25,5); (9,25,4); (28,25,7); (38,25,4); (17,26,7); (21,26,6); (35,27,6); (16,30,6); (24,31,6); 
Queue 1: (22,5,5); 
Queue 2: (37,5,6); 
Queue 3: closed
Queue 4: closed

Time 6
Waiting clients: (26,8,4); (1,9,7); (2,9,6); (25,9,7); (27,9,5); (36,9,4); (14,10,6); (30,11,7); (19,12,7); (29,12,5); (31,13,5); (10,14,5); (23,15,7); (7,16,5); (32,16,7); (20,17,5); (33,17,6); (6,18,5); (18,18,5); (34,18,7); (3,19,6); (15,20,5); (4,21,6); (12,21,7); (13,24,7); (39,24,5); (5,25,4); (8,25,5); (9,25,4); (28,25,7); (38,25,4); (17,26,7); (21,26,6); (35,27,6); (16,30,6); (24,31,6); 
Queue 1: (22,5,4); 
Queue 2: (37,5,5); 
Queue 3: (11,6,4); 
Queue 4: (40,6,5); 

Time 7
Waiting clients: (26,8,4); (1,9,7); (2,9,6); (25,9,7); (27,9,5); (36,9,4); (14,10,6); (30,11,7); (19,12,7); (29,12,5); (31,13,5); (10,14,5); (23,15,7); (7,16,5); (32,16,7); (20,17,5); (33,17,6); (6,18,5); (18,18,5); (34,18,7); (3,19,6); (15,20,5); (4,21,6); (12,21,7); (13,24,7); (39,24,5); (5,25,4); (8,25,5); (9,25,4); (28,25,7); (38,25,4); (17,26,7); (21,26,6); (35,27,6); (16,30,6); (24,31,6); 
Queue 1: (22,5,3); 
Queue 2: (37,5,4); 
Queue 3: (11,6,3); 
Queue 4: (40,6,4); 

Time 8
Waiting clients: (1,9,7); (2,9,6); (25,9,7); (27,9,5); (36,9,4); (14,10,6); (30,11,7); (19,12,7); (29,12,5); (31,13,5); (10,14,5); (23,15,7); (7,16,5); (32,16,7); (20,17,5); (33,17,6); (6,18,5); (18,18,5); (34,18,7); (3,19,6); (15,20,5); (4,21,6); (12,21,7); (13,24,7); (39,24,5); (5,25,4); (8,25,5); (9,25,4); (28,25,7); (38,25,4); (17,26,7); (21,26,6); (35,27,6); (16,30,6); (24,31,6); 
Queue 1: (22,5,2); (26,8,4); 
Queue 2: (37,5,3); 
Queue 3: (11,6,2); 
Queue 4: (40,6,3); 

Time 9
Waiting clients: (14,10,6); (30,11,7); (19,12,7); (29,12,5); (31,13,5); (10,14,5); (23,15,7); (7,16,5); (32,16,7); (20,17,5); (33,17,6); (6,18,5); (18,18,5); (34,18,7); (3,19,6); (15,20,5); (4,21,6); (12,21,7); (13,24,7); (39,24,5); (5,25,4); (8,25,5); (9,25,4); (28,25,7); (38,25,4); (17,26,7); (21,26,6); (35,27,6); (16,30,6); (24,31,6); 
Queue 1: (22,5,1); (26,8,4); (27,9,5); 
Queue 2: (37,5,2); (2,9,6); (36,9,4); 
Queue 3: (11,6,1); (1,9,7); 
Queue 4: (40,6,2); (25,9,7); 

Time 10
Waiting clients: (30,11,7); (19,12,7); (29,12,5); (31,13,5); (10,14,5); (23,15,7); (7,16,5); (32,16,7); (20,17,5); (33,17,6); (6,18,5); (18,18,5); (34,18,7); (3,19,6); (15,20,5); (4,21,6); (12,21,7); (13,24,7); (39,24,5); (5,25,4); (8,25,5); (9,25,4); (28,25,7); (38,25,4); (17,26,7); (21,26,6); (35,27,6); (16,30,6); (24,31,6); 
Queue 1: (26,8,4); (27,9,5); 
Queue 2: (37,5,1); (2,9,6); (36,9,4); 
Queue 3: (1,9,7); (14,10,6); 
Queue 4: (40,6,1); (25,9,7); 

Time 11
Waiting clients: (19,12,7); (29,12,5); (31,13,5); (10,14,5); (23,15,7); (7,16,5); (32,16,7); (20,17,5); (33,17,6); (6,18,5); (18,18,5); (34,18,7); (3,19,6); (15,20,5); (4,21,6); (12,21,7); (13,24,7); (39,24,5); (5,25,4); (8,25,5); (9,25,4); (28,25,7); (38,25,4); (17,26,7); (21,26,6); (35,27,6); (16,30,6); (24,31,6); 
Queue 1: (26,8,3); (27,9,5); 
Queue 2: (2,9,6); (36,9,4); 
Queue 3: (1,9,6); (14,10,6); 
Queue 4: (25,9,7); (30,11,7); 

Time 12
Waiting clients: (31,13,5); (10,14,5); (23,15,7); (7,16,5); (32,16,7); (20,17,5); (33,17,6); (6,18,5); (18,18,5); (34,18,7); (3,19,6); (15,20,5); (4,21,6); (12,21,7); (13,24,7); (39,24,5); (5,25,4); (8,25,5); (9,25,4); (28,25,7); (38,25,4); (17,26,7); (21,26,6); (35,27,6); (16,30,6); (24,31,6); 
Queue 1: (26,8,2); (27,9,5); (19,12,7); 
Queue 2: (2,9,5); (36,9,4); (29,12,5); 
Queue 3: (1,9,5); (14,10,6); 
Queue 4: (25,9,6); (30,11,7); 

Time 13
Waiting clients: (10,14,5); (23,15,7); (7,16,5); (32,16,7); (20,17,5); (33,17,6); (6,18,5); (18,18,5); (34,18,7); (3,19,6); (15,20,5); (4,21,6); (12,21,7); (13,24,7); (39,24,5); (5,25,4); (8,25,5); (9,25,4); (28,25,7); (38,25,4); (17,26,7); (21,26,6); (35,27,6); (16,30,6); (24,31,6); 
Queue 1: (26,8,1); (27,9,5); (19,12,7); 
Queue 2: (2,9,4); (36,9,4); (29,12,5); 
Queue 3: (1,9,4); (14,10,6); (31,13,5); 
Queue 4: (25,9,5); (30,11,7); 

Time 14
Waiting clients: (23,15,7); (7,16,5); (32,16,7); (20,17,5); (33,17,6); (6,18,5); (18,18,5); (34,18,7); (3,19,6); (15,20,5); (4,21,6); (12,21,7); (13,24,7); (39,24,5); (5,25,4); (8,25,5); (9,25,4); (28,25,7); (38,25,4); (17,26,7); (21,26,6); (35,27,6); (16,30,6); (24,31,6); 
Queue 1: (27,9,5); (19,12,7); 
Queue 2: (2,9,3); (36,9,4); (29,12,5); 
Queue 3: (1,9,3); (14,10,6); (31,13,5); 
Queue 4: (25,9,4); (30,11,7); (10,14,5); 

Time 15
Waiting clients: (7,16,5); (32,16,7); (20,17,5); (33,17,6); (6,18,5); (18,18,5); (34,18,7); (3,19,6); (15,20,5); (4,21,6); (12,21,7); (13,24,7); (39,24,5); (5,25,4); (8,25,5); (9,25,4); (28,25,7); (38,25,4); (17,26,7); (21,26,6); (35,27,6); (16,30,6); (24,31,6); 
Queue 1: (27,9,4); (19,12,7); (23,15,7); 
Queue 2: (2,9,2); (36,9,4); (29,12,5); 
Queue 3: (1,9,2); (14,10,6); (31,13,5); 
Queue 4: (25,9,3); (30,11,7); (10,14,5); 

Time 16
Waiting clients: (20,17,5); (33,17,6); (6,18,5); (18,18,5); (34,18,7); (3,19,6); (15,20,5); (4,21,6); (12,21,7); (13,24,7); (39,24,5); (5,25,4); (8,25,5); (9,25,4); (28,25,7); (38,25,4); (17,26,7); (21,26,6); (35,27,6); (16,30,6); (24,31,6); 
Queue 1: (27,9,3); (19,12,7); (23,15,7); 
Queue 2: (2,9,1); (36,9,4); (29,12,5); (7,16,5); 
Queue 3: (1,9,1); (14,10,6); (31,13,5); (32,16,7); 
Queue 4: (25,9,2); (30,11,7); (10,14,5); 

Time 17
Waiting clients: (6,18,5); (18,18,5); (34,18,7); (3,19,6); (15,20,5); (4,21,6); (12,21,7); (13,24,7); (39,24,5); (5,25,4); (8,25,5); (9,25,4); (28,25,7); (38,25,4); (17,26,7); (21,26,6); (35,27,6); (16,30,6); (24,31,6); 
Queue 1: (27,9,2); (19,12,7); (23,15,7); 
Queue 2: (36,9,4); (29,12,5); (7,16,5); (33,17,6); 
Queue 3: (14,10,6); (31,13,5); (32,16,7); 
Queue 4: (25,9,1); (30,11,7); (10,14,5); (20,17,5); 

Time 18
Waiting clients: (3,19,6); (15,20,5); (4,21,6); (12,21,7); (13,24,7); (39,24,5); (5,25,4); (8,25,5); (9,25,4); (28,25,7); (38,25,4); (17,26,7); (21,26,6); (35,27,6); (16,30,6); (24,31,6); 
Queue 1: (27,9,1); (19,12,7); (23,15,7); (6,18,5); 
Queue 2: (36,9,3); (29,12,5); (7,16,5); (33,17,6); 
Queue 3: (14,10,5); (31,13,5); (32,16,7); (18,18,5); 
Queue 4: (30,11,7); (10,14,5); (20,17,5); (34,18,7); 

Time 19
Waiting clients: (15,20,5); (4,21,6); (12,21,7); (13,24,7); (39,24,5); (5,25,4); (8,25,5); (9,25,4); (28,25,7); (38,25,4); (17,26,7); (21,26,6); (35,27,6); (16,30,6); (24,31,6); 
Queue 1: (19,12,7); (23,15,7); (6,18,5); 
Queue 2: (36,9,2); (29,12,5); (7,16,5); (33,17,6); (3,19,6); 
Queue 3: (14,10,4); (31,13,5); (32,16,7); (18,18,5); 
Queue 4: (30,11,6); (10,14,5); (20,17,5); (34,18,7); 

Time 20
Waiting clients: (4,21,6); (12,21,7); (13,24,7); (39,24,5); (5,25,4); (8,25,5); (9,25,4); (28,25,7); (38,25,4); (17,26,7); (21,26,6); (35,27,6); (16,30,6); (24,31,6); 
Queue 1: (19,12,6); (23,15,7); (6,18,5); (15,20,5); 
Queue 2: (36,9,1); (29,12,5); (7,16,5); (33,17,6); (3,19,6); 
Queue 3: (14,10,3); (31,13,5); (32,16,7); (18,18,5); 
Queue 4: (30,11,5); (10,14,5); (20,17,5); (34,18,7); 

Time 21
Waiting clients: (13,24,7); (39,24,5); (5,25,4); (8,25,5); (9,25,4); (28,25,7); (38,25,4); (17,26,7); (21,26,6); (35,27,6); (16,30,6); (24,31,6); 
Queue 1: (19,12,5); (23,15,7); (6,18,5); (15,20,5); 
Queue 2: (29,12,5); (7,16,5); (33,17,6); (3,19,6); 
Queue 3: (14,10,2); (31,13,5); (32,16,7); (18,18,5); (4,21,6); 
Queue 4: (30,11,4); (10,14,5); (20,17,5); (34,18,7); (12,21,7); 

Time 22
Waiting clients: (13,24,7); (39,24,5); (5,25,4); (8,25,5); (9,25,4); (28,25,7); (38,25,4); (17,26,7); (21,26,6); (35,27,6); (16,30,6); (24,31,6); 
Queue 1: (19,12,4); (23,15,7); (6,18,5); (15,20,5); 
Queue 2: (29,12,4); (7,16,5); (33,17,6); (3,19,6); 
Queue 3: (14,10,1); (31,13,5); (32,16,7); (18,18,5); (4,21,6); 
Queue 4: (30,11,3); (10,14,5); (20,17,5); (34,18,7); (12,21,7); 

Time 23
Waiting clients: (13,24,7); (39,24,5); (5,25,4); (8,25,5); (9,25,4); (28,25,7); (38,25,4); (17,26,7); (21,26,6); (35,27,6); (16,30,6); (24,31,6); 
Queue 1: (19,12,3); (23,15,7); (6,18,5); (15,20,5); 
Queue 2: (29,12,3); (7,16,5); (33,17,6); (3,19,6); 
Queue 3: (31,13,5); (32,16,7); (18,18,5); (4,21,6); 
Queue 4: (30,11,2); (10,14,5); (20,17,5); (34,18,7); (12,21,7); 

Time 24
Waiting clients: (5,25,4); (8,25,5); (9,25,4); (28,25,7); (38,25,4); (17,26,7); (21,26,6); (35,27,6); (16,30,6); (24,31,6); 
Queue 1: (19,12,2); (23,15,7); (6,18,5); (15,20,5); (13,24,7); 
Queue 2: (29,12,2); (7,16,5); (33,17,6); (3,19,6); (39,24,5); 
Queue 3: (31,13,4); (32,16,7); (18,18,5); (4,21,6); 
Queue 4: (30,11,1); (10,14,5); (20,17,5); (34,18,7); (12,21,7); 

Time 25
Waiting clients: (17,26,7); (21,26,6); (35,27,6); (16,30,6); (24,31,6); 
Queue 1: (19,12,1); (23,15,7); (6,18,5); (15,20,5); (13,24,7); (28,25,7); 
Queue 2: (29,12,1); (7,16,5); (33,17,6); (3,19,6); (39,24,5); (8,25,5); 
Queue 3: (31,13,3); (32,16,7); (18,18,5); (4,21,6); (5,25,4); (38,25,4); 
Queue 4: (10,14,5); (20,17,5); (34,18,7); (12,21,7); (9,25,4); 

Time 26
Waiting clients: (35,27,6); (16,30,6); (24,31,6); 
Queue 1: (23,15,7); (6,18,5); (15,20,5); (13,24,7); (28,25,7); 
Queue 2: (7,16,5); (33,17,6); (3,19,6); (39,24,5); (8,25,5); (17,26,7); 
Queue 3: (31,13,2); (32,16,7); (18,18,5); (4,21,6); (5,25,4); (38,25,4); 
Queue 4: (10,14,4); (20,17,5); (34,18,7); (12,21,7); (9,25,4); (21,26,6); 

Time 27
Waiting clients: (16,30,6); (24,31,6); 
Queue 1: (23,15,6); (6,18,5); (15,20,5); (13,24,7); (28,25,7); 
Queue 2: (7,16,4); (33,17,6); (3,19,6); (39,24,5); (8,25,5); (17,26,7); 
Queue 3: (31,13,1); (32,16,7); (18,18,5); (4,21,6); (5,25,4); (38,25,4); (35,27,6); 
Queue 4: (10,14,3); (20,17,5); (34,18,7); (12,21,7); (9,25,4); (21,26,6); 

Time 28
Waiting clients: (16,30,6); (24,31,6); 
Queue 1: (23,15,5); (6,18,5); (15,20,5); (13,24,7); (28,25,7); 
Queue 2: (7,16,3); (33,17,6); (3,19,6); (39,24,5); (8,25,5); (17,26,7); 
Queue 3: (32,16,7); (18,18,5); (4,21,6); (5,25,4); (38,25,4); (35,27,6); 
Queue 4: (10,14,2); (20,17,5); (34,18,7); (12,21,7); (9,25,4); (21,26,6); 

Time 29
Waiting clients: (16,30,6); (24,31,6); 
Queue 1: (23,15,4); (6,18,5); (15,20,5); (13,24,7); (28,25,7); 
Queue 2: (7,16,2); (33,17,6); (3,19,6); (39,24,5); (8,25,5); (17,26,7); 
Queue 3: (32,16,6); (18,18,5); (4,21,6); (5,25,4); (38,25,4); (35,27,6); 
Queue 4: (10,14,1); (20,17,5); (34,18,7); (12,21,7); (9,25,4); (21,26,6); 

Time 30
Waiting clients: (24,31,6); 
Queue 1: (23,15,3); (6,18,5); (15,20,5); (13,24,7); (28,25,7); (16,30,6); 
Queue 2: (7,16,1); (33,17,6); (3,19,6); (39,24,5); (8,25,5); (17,26,7); 
Queue 3: (32,16,5); (18,18,5); (4,21,6); (5,25,4); (38,25,4); (35,27,6); 
Queue 4: (20,17,5); (34,18,7); (12,21,7); (9,25,4); (21,26,6); 

Time 31
Waiting clients: 
Queue 1: (23,15,2); (6,18,5); (15,20,5); (13,24,7); (28,25,7); (16,30,6); 
Queue 2: (33,17,6); (3,19,6); (39,24,5); (8,25,5); (17,26,7); 
Queue 3: (32,16,4); (18,18,5); (4,21,6); (5,25,4); (38,25,4); (35,27,6); 
Queue 4: (20,17,4); (34,18,7); (12,21,7); (9,25,4); (21,26,6); (24,31,6); 

Time 32
Waiting clients: 
Queue 1: (23,15,1); (6,18,5); (15,20,5); (13,24,7); (28,25,7); (16,30,6); 
Queue 2: (33,17,5); (3,19,6); (39,24,5); (8,25,5); (17,26,7); 
Queue 3: (32,16,3); (18,18,5); (4,21,6); (5,25,4); (38,25,4); (35,27,6); 
Queue 4: (20,17,3); (34,18,7); (12,21,7); (9,25,4); (21,26,6); (24,31,6); 

Time 33
Waiting clients: 
Queue 1: (6,18,5); (15,20,5); (13,24,7); (28,25,7); (16,30,6); 
Queue 2: (33,17,4); (3,19,6); (39,24,5); (8,25,5); (17,26,7); 
Queue 3: (32,16,2); (18,18,5); (4,21,6); (5,25,4); (38,25,4); (35,27,6); 
Queue 4: (20,17,2); (34,18,7); (12,21,7); (9,25,4); (21,26,6); (24,31,6); 

Time 34
Waiting clients: 
Queue 1: (6,18,4); (15,20,5); (13,24,7); (28,25,7); (16,30,6); 
Queue 2: (33,17,3); (3,19,6); (39,24,5); (8,25,5); (17,26,7); 
Queue 3: (32,16,1); (18,18,5); (4,21,6); (5,25,4); (38,25,4); (35,27,6); 
Queue 4: (20,17,1); (34,18,7); (12,21,7); (9,25,4); (21,26,6); (24,31,6); 


Average waiting time: 0.6658187245323204
Average service time: 5.65
Peak hour for the simulation interval: 27